verb	tr	pass	trpt	passpt	apass	apasspt	inpt	in	sfin	sfinpt	quote	quotept	npcomp	passcomp	npcomppt	passcomppt	inf	other	x	i	TOTAL
accept	98	41	0	0	22	0	0	7	1	0	0	0	0	1	0	0	0	0	30	0	200
add	34	37	0	0	0	0	2	8	3	0	19	0	0	1	0	0	0	1	10	0	115
adjust	55	37	0	0	28	0	0	22	0	0	0	0	0	0	0	0	0	0	58	0	200
admit	43	44	0	0	7	0	0	10	47	0	34	0	0	8	0	0	0	3	4	0	200
advance	20	10	0	0	34	0	0	47	0	0	0	0	0	0	0	0	0	0	89	0	200
advise	64	6	0	0	9	0	0	11	6	0	12	0	54	14	0	0	1	2	2	0	181
advocate	63	10	0	0	5	0	0	0	4	0	0	0	0	0	0	0	0	5	0	0	87
agree	2	1	0	0	2	0	0	67	43	0	27	0	0	4	0	0	49	0	5	0	200
allow	27	18	0	0	6	0	0	5	0	0	0	0	80	64	0	0	0	0	0	0	200
amuse	30	2	0	0	42	0	0	0	0	0	0	0	0	0	0	0	2	1	11	0	88
announce	67	22	0	0	2	0	0	2	55	0	46	0	1	3	0	0	0	0	2	0	200
annoy	26	10	0	0	54	0	0	0	0	0	0	0	2	1	0	0	0	0	5	0	98
answer	24	13	0	0	0	0	0	17	3	0	50	0	1	0	0	0	0	0	4	0	112
anticipate	58	31	0	0	2	0	0	1	12	0	0	0	0	2	0	0	0	18	40	0	164
appoint	37	57	0	0	0	0	0	0	0	0	0	0	7	7	0	0	1	0	17	0	126
approve	35	37	0	0	13	0	0	19	0	0	1	0	0	0	0	0	0	0	19	0	124
argue	6	1	1	3	0	0	0	45	116	0	10	0	1	9	0	0	0	3	5	0	200
arrest	27	89	0	0	1	0	0	0	0	0	0	0	0	0	0	0	0	0	3	0	120
ask	12	0	6	0	0	0	0	2	0	0	58	0	20	5	0	0	0	1	5	0	109
assert	54	5	0	0	1	0	0	0	60	0	12	0	0	4	0	0	0	12	1	0	149
assign	31	45	0	0	22	0	0	0	0	0	0	0	1	5	0	0	0	1	8	0	113
assume	61	6	0	0	1	0	0	0	62	0	0	0	5	27	0	0	0	1	7	0	170
attack	103	35	0	0	0	0	0	7	0	0	0	0	0	0	0	0	0	0	4	0	149
attempt	9	1	0	0	3	0	0	0	0	0	0	0	0	0	0	0	95	1	1	0	110
bake	58	33	0	0	9	0	0	7	0	0	0	0	0	0	0	0	0	0	63	0	170
beg	13	0	0	0	0	0	1	25	3	0	20	0	32	0	0	0	10	0	2	4	110
believe	4	2	0	0	0	0	0	9	78	0	0	0	0	8	0	0	0	6	0	0	107
bet	2	0	0	0	0	0	0	22	11	0	0	0	2	0	0	0	0	0	3	0	40
block	57	18	2	3	24	2	0	5	0	0	0	0	0	0	0	0	0	0	9	0	120
boil	18	13	0	1	6	0	10	46	0	0	0	0	0	0	0	0	0	0	106	0	200
bounce	15	1	2	1	0	0	27	62	0	0	0	0	0	0	0	0	0	0	7	0	115
break	24	17	13	4	24	0	29	26	0	0	0	1	0	0	0	0	0	0	4	3	145
burst	3	0	0	0	0	0	14	81	0	0	0	3	0	0	0	0	0	0	9	0	110
buy	94	6	1	0	2	0	0	4	0	0	0	0	0	0	0	0	0	0	7	0	114
call	18	69	0	3	0	0	1	4	0	0	5	2	0	1	0	0	0	0	2	0	105
carve	41	21	10	1	27	0	0	7	0	0	0	0	0	0	0	0	0	0	38	0	145
charge	20	51	0	0	26	0	1	25	10	0	1	0	0	1	0	0	0	1	64	0	200
chase	35	4	5	0	0	0	1	1	0	0	0	0	0	0	0	0	0	0	1	0	47
cheat	11	20	1	0	6	0	0	9	0	0	0	0	0	0	0	0	0	0	1	0	48
check	49	38	12	3	2	0	2	18	0	0	0	0	0	0	0	0	0	0	22	0	146
cheer	17	7	11	1	3	3	6	78	0	0	1	0	0	0	0	0	0	0	24	0	151
chip	9	3	4	1	8	0	12	6	0	0	0	1	0	0	0	0	0	0	18	0	62
choose	58	21	0	0	5	0	0	5	1	0	0	0	0	0	0	0	15	0	8	0	113
chop	33	6	26	7	3	0	2	9	0	0	0	0	0	0	0	0	0	0	23	0	109
claim	44	5	0	0	1	0	0	0	54	0	2	0	0	4	0	0	15	5	2	0	132
clean	48	34	4	8	5	1	1	5	0	0	0	0	0	0	0	0	0	0	4	1	111
coach	11	1	0	0	2	0	0	14	0	0	0	0	0	1	0	0	0	0	11	0	40
coax	3	8	0	0	0	0	0	2	0	0	8	0	3	0	0	0	0	0	0	0	24
comfort	22	11	0	0	4	0	0	0	0	0	3	0	0	1	0	0	1	0	30	0	72
confess	16	2	0	0	0	0	0	23	27	0	11	0	0	4	0	0	0	0	3	0	86
confide	8	1	0	0	0	0	0	7	7	0	13	0	1	0	0	0	0	0	5	0	42
confirm	61	48	0	0	0	0	0	1	11	0	1	0	1	0	0	0	0	0	7	0	130
continue	5	3	0	0	0	0	0	46	0	0	10	0	0	0	0	0	48	2	11	0	125
cook	42	44	1	1	8	0	0	12	0	0	0	0	0	0	0	0	0	0	22	0	130
copy	53	47	4	2	0	0	0	8	0	0	0	0	0	0	0	0	0	0	24	0	138
cover	56	36	2	1	27	0	0	0	0	0	0	0	0	0	0	0	0	0	8	0	130
crack	49	6	2	1	16	0	5	39	0	0	2	0	0	0	0	0	0	0	53	0	173
crash	4	0	24	0	0	0	17	50	0	0	0	0	0	0	0	0	0	0	15	0	110
criticize	52	54	0	0	0	0	0	3	0	0	0	0	0	0	0	0	0	0	1	0	110
crumble	2	2	0	0	3	0	3	16	0	0	0	0	0	0	0	0	0	0	7	0	33
crush	27	15	1	0	3	0	0	5	0	0	0	0	0	0	0	0	0	0	23	0	74
dance	6	1	0	0	0	0	1	99	0	0	0	0	0	0	0	0	0	1	4	0	112
dangle	10	0	0	0	1	0	4	58	0	0	0	0	0	0	0	0	0	0	25	0	98
debate	20	20	0	0	2	0	0	13	8	0	0	0	0	0	0	0	0	1	13	0	77
decide	3	2	0	0	0	0	0	7	35	0	2	0	0	2	0	0	50	4	1	0	106
declare	29	13	0	0	1	0	0	0	37	0	22	0	2	2	0	0	0	2	2	0	110
delight	18	4	0	0	50	0	0	7	0	0	0	0	0	25	0	0	1	0	6	0	111
deny	39	53	0	0	2	0	0	0	9	0	0	0	0	0	0	0	0	2	0	0	105
describe	56	22	0	0	22	0	0	0	0	0	0	0	0	0	0	0	0	5	0	0	105
design	22	21	0	0	62	0	0	0	0	0	0	0	0	0	0	0	0	0	2	0	107
determine	47	46	0	0	2	0	0	0	3	0	0	0	0	19	0	0	6	5	7	0	135
disappear	0	0	0	0	1	0	0	104	0	0	0	0	0	0	0	0	0	0	1	0	106
discover	35	27	0	0	0	0	0	0	35	0	0	0	1	3	0	0	0	4	3	0	108
discuss	39	38	0	0	24	0	0	0	1	0	0	0	0	0	0	0	0	3	0	0	105
dispute	5	7	0	0	1	0	0	5	0	0	0	0	0	0	0	0	0	0	14	0	32
dissolve	22	20	0	0	25	0	0	38	0	0	0	0	0	0	0	0	0	0	33	0	138
distract	12	14	0	0	14	0	0	2	0	0	0	0	0	0	0	0	0	0	24	0	66
disturb	28	42	0	0	35	0	0	0	0	0	0	0	0	0	0	0	0	0	25	0	130
doubt	21	4	0	0	0	0	0	5	56	0	0	0	0	3	0	0	0	3	11	0	103
draw	47	40	21	5	19	1	5	22	0	0	0	0	0	0	0	0	0	0	39	1	200
drift	2	0	1	0	0	0	34	69	0	0	0	0	0	0	0	0	0	0	19	0	125
drink	66	0	2	0	0	0	0	37	0	0	0	0	0	0	0	0	0	0	5	0	110
drip	11	0	1	0	1	1	6	87	0	0	0	0	0	0	0	0	0	0	48	0	154
drive	45	16	2	0	5	0	8	63	0	0	0	0	1	0	0	0	0	0	20	4	164
drop	40	6	2	1	1	0	17	48	0	0	0	0	0	0	0	0	0	0	6	0	121
dust	22	4	11	0	8	0	0	8	0	0	0	0	0	0	0	0	0	2	9	0	64
eat	70	12	2	0	0	0	0	20	0	0	0	0	0	0	0	0	0	0	1	1	106
elect	30	65	0	0	7	0	0	0	0	0	0	0	0	0	0	0	3	0	23	0	128
emphasize	83	9	0	0	5	0	0	0	12	0	0	0	0	0	0	0	0	1	1	0	111
encourage	40	12	0	0	4	0	0	1	0	0	1	0	30	23	0	0	0	0	14	0	125
entertain	49	17	0	0	4	0	0	11	0	0	0	0	0	0	0	0	0	0	21	0	102
enthuse	0	0	0	0	1	0	0	0	0	0	1	0	0	0	0	0	0	0	0	0	2
escape	28	0	0	0	1	0	0	75	0	0	0	0	0	0	0	0	0	1	10	0	115
establish	61	34	0	0	8	0	0	0	1	0	0	0	0	1	0	0	0	0	14	0	119
estimate	12	16	0	0	4	0	0	3	27	0	0	0	0	42	0	0	0	1	30	0	135
excite	14	7	0	0	88	0	0	0	0	0	0	0	0	0	0	0	0	0	16	0	125
expect	17	13	0	0	6	0	0	0	0	0	0	0	20	31	0	0	11	8	13	0	119
fall	0	0	0	0	0	0	12	86	0	0	0	0	0	0	0	0	0	1	9	12	120
fear	47	5	0	0	0	0	0	5	47	0	0	0	0	0	0	0	2	5	7	0	118
fight	26	7	4	0	0	0	2	64	0	0	0	0	0	0	0	0	3	0	16	0	122
figure	22	15	43	2	2	0	2	20	71	7	4	0	0	0	0	0	3	1	8	0	200
fill	60	95	15	3	12	0	2	9	0	0	0	0	0	0	0	0	0	0	4	0	200
find	83	65	4	0	8	0	3	3	26	0	0	0	1	3	0	0	0	1	3	0	200
float	7	2	0	0	3	0	29	105	0	0	0	0	0	0	0	0	0	0	54	0	200
flood	42	32	1	1	10	0	4	23	1	0	0	0	0	0	0	0	0	0	9	0	123
fly	11	4	0	0	0	0	39	121	0	0	0	0	0	0	0	0	0	0	25	0	200
follow	69	27	1	0	0	0	2	31	2	0	0	0	0	0	0	0	0	0	68	0	200
forget	92	19	0	0	8	0	0	33	15	0	1	0	0	0	0	0	24	1	7	0	200
fracture	4	4	0	0	0	0	0	3	0	0	0	0	0	0	0	0	0	0	5	0	16
freeze	9	6	0	1	31	2	3	51	0	0	0	0	0	0	0	0	0	0	97	0	200
frighten	30	1	1	0	106	2	0	0	0	0	0	0	0	0	0	0	0	0	60	0	200
gladden	2	0	0	0	0	0	0	0	0	0	0	0	0	0	0	0	0	0	1	0	3
gore	0	3	0	0	0	0	0	0	0	0	0	0	0	0	0	0	0	0	0	0	3
govern	76	66	0	0	2	0	0	25	0	0	0	0	0	0	0	0	0	0	31	0	200
grasp	81	10	0	0	3	0	0	6	3	0	0	0	0	0	0	0	0	5	7	0	115
grieve	5	0	0	0	6	0	0	23	0	0	0	0	0	0	0	0	0	0	8	0	42
grow	17	10	0	0	5	0	14	125	0	0	0	0	0	0	0	0	0	0	29	0	200
guarantee	53	40	0	0	11	0	0	3	16	0	0	0	0	8	0	0	2	0	39	0	172
guard	63	26	1	0	18	0	0	1	0	0	0	0	0	0	0	0	0	0	20	0	129
guess	17	1	0	0	2	0	0	15	121	0	11	0	1	0	0	0	0	1	31	0	200
hang	26	6	7	1	14	4	34	96	0	0	0	0	0	0	0	0	0	3	9	0	200
happen	0	0	0	0	0	0	0	105	3	0	0	0	0	0	0	0	5	0	0	0	113
harden	7	8	0	0	15	0	0	86	0	0	0	0	0	0	0	0	0	0	43	0	159
hear	100	17	1	0	2	0	0	24	15	0	0	0	41	0	0	0	0	0	0	0	200
heat	48	98	0	0	13	0	1	2	0	0	0	0	0	0	0	0	0	0	38	0	200
help	30	0	3	0	0	0	0	3	0	0	0	0	87	1	0	0	27	46	3	0	200
hesitate	1	0	0	0	0	0	0	116	0	0	6	0	0	0	0	0	22	0	5	0	150
hire	73	30	0	4	6	2	0	6	0	0	0	0	39	11	0	0	0	0	29	0	200
hum	17	0	0	0	0	0	0	35	0	0	9	0	0	0	0	0	0	0	4	0	65
hunt	71	10	7	1	1	1	2	86	0	0	0	0	0	0	0	0	0	1	20	0	200
hurry	2	1	3	1	6	0	46	123	0	0	0	0	0	0	0	0	4	0	14	0	200
imitate	66	5	0	0	3	0	0	6	0	0	1	0	0	0	0	0	0	0	2	0	83
imply	67	19	0	0	13	0	0	19	52	0	0	0	1	5	0	0	0	3	21	0	200
impress	50	75	0	0	67	1	0	1	2	0	0	0	0	0	0	0	0	0	4	0	200
include	110	1	0	0	10	0	0	0	0	0	0	0	0	0	0	0	0	1	0	0	122
indicate	70	18	0	0	14	0	0	7	81	0	0	0	3	0	0	0	0	0	0	0	193
injure	35	73	0	0	21	0	0	4	0	0	0	0	0	0	0	0	0	0	67	0	200
insert	38	0	0	0	0	0	0	2	0	0	0	0	0	0	0	0	0	0	0	0	40
investigate	123	43	0	0	4	0	0	17	0	0	0	0	0	0	0	0	0	0	13	0	200
invite	49	42	5	7	3	0	0	1	0	0	0	0	56	35	0	0	0	0	2	0	200
judge	69	53	0	0	1	0	0	23	13	0	6	0	11	12	0	0	0	0	12	0	200
jump	12	0	0	0	0	0	56	121	0	0	0	0	0	0	0	0	0	1	10	0	200
keep	95	34	1	2	2	0	3	22	0	0	0	0	0	0	0	0	0	41	0	0	200
kick	95	11	19	2	0	2	6	53	0	0	0	0	0	0	0	0	0	0	12	0	200
kill	56	47	0	1	0	0	0	1	0	0	0	0	0	0	0	0	0	0	0	0	105
knit	21	6	0	0	3	0	0	11	0	0	0	0	0	0	0	0	0	0	39	0	80
know	15	5	0	0	0	0	0	0	25	0	0	0	2	14	0	0	0	1	3	0	65
lean	7	0	0	0	0	0	0	98	0	0	0	0	0	0	0	0	0	0	0	0	105
leap	8	0	0	0	0	0	7	87	0	0	0	0	0	0	0	0	0	1	2	0	105
leave	76	23	3	2	13	2	1	20	0	0	0	0	0	0	0	0	0	0	60	0	200
lecture	14	0	0	0	0	0	0	23	0	0	0	0	0	0	0	0	0	0	2	0	39
load	20	45	1	2	36	1	0	2	0	0	0	0	0	3	0	0	0	0	9	1	120
locate	13	4	0	0	111	0	0	1	0	0	0	0	0	0	0	0	0	0	2	0	131
lose	94	27	0	0	9	0	0	5	0	0	0	0	0	0	0	0	0	0	14	0	149
madden	0	0	0	0	1	0	0	0	0	0	0	0	0	0	0	0	0	0	4	0	5
maintain	75	26	0	0	0	0	0	2	16	0	1	0	0	0	0	0	0	0	0	0	120
march	3	4	0	0	0	0	0	97	0	0	0	0	0	0	0	0	0	0	11	0	115
melt	15	12	1	5	0	0	6	72	0	0	0	0	0	0	0	0	0	0	74	0	185
mend	29	15	0	0	2	0	0	3	0	0	0	0	0	0	0	0	0	0	12	0	61
merge	14	9	0	0	2	0	0	50	0	0	0	0	0	0	0	0	0	0	6	0	81
motion	10	0	4	0	0	0	0	29	0	0	0	0	10	0	0	0	0	0	0	0	53
move	14	3	0	0	0	0	1	101	0	0	0	0	0	1	0	0	0	0	10	0	130
mutate	0	0	0	0	0	0	0	5	0	0	0	0	0	0	0	0	0	0	2	0	7
need	61	36	0	0	2	0	0	0	0	0	0	0	0	1	0	0	18	5	2	0	125
note	30	18	0	0	5	0	0	0	27	0	3	0	0	3	0	0	0	17	7	0	110
notice	54	5	0	0	0	0	0	0	45	0	0	0	0	0	0	0	0	0	1	0	105
object	0	1	0	0	0	0	0	76	3	0	19	0	0	0	0	0	2	0	38	0	139
observe	52	18	0	0	1	0	0	2	12	0	8	0	0	2	0	0	0	6	9	0	110
obsess	4	0	0	0	20	0	0	0	0	0	0	0	0	0	0	0	0	0	0	0	24
offend	11	7	0	0	1	0	0	2	0	0	0	0	0	0	0	0	0	0	20	0	41
order	40	22	0	0	1	0	0	2	7	0	14	0	46	10	0	0	0	0	8	0	150
paint	50	39	0	0	12	0	0	6	0	0	0	0	0	0	0	0	0	0	33	0	140
pass	61	18	4	6	0	0	9	92	0	0	0	0	0	0	0	0	0	0	10	0	200
pay	58	62	4	2	6	0	4	21	0	0	0	0	0	0	0	0	0	3	7	33	200
perch	2	26	0	0	26	0	0	26	0	0	0	0	0	0	0	0	0	0	1	0	81
perform	58	43	0	0	0	0	0	18	0	0	0	0	0	0	0	0	0	0	1	0	120
permit	24	9	0	0	0	0	0	0	0	0	0	0	50	23	0	0	0	4	0	0	110
persuade	6	9	0	0	1	0	0	2	0	0	0	0	76	16	0	0	0	0	0	0	110
phone	17	1	0	0	0	0	1	14	0	0	0	0	4	0	0	0	4	0	1	0	42
play	74	11	0	2	0	0	0	50	0	0	0	0	0	0	0	0	0	0	12	1	150
point	13	2	10	5	2	0	0	74	0	28	0	4	0	0	0	0	0	0	12	0	150
position	9	35	0	1	15	0	0	2	0	0	0	0	0	0	0	0	0	0	2	0	64
praise	82	32	0	0	0	0	0	0	0	0	2	0	0	0	0	0	0	0	13	0	129
predict	42	25	0	0	0	0	0	0	30	0	5	0	0	7	0	0	0	0	1	0	110
print	20	96	0	1	5	0	0	0	0	0	0	0	0	0	0	0	0	0	58	0	180
project	26	0	0	0	0	0	0	23	1	0	0	0	0	0	0	0	0	1	16	0	67
prompt	18	11	0	0	1	0	0	1	0	0	3	0	31	3	0	0	0	0	7	0	75
propose	49	34	0	0	0	0	0	2	21	0	1	0	0	0	0	0	12	0	26	0	145
protest	16	0	0	0	0	0	0	29	18	0	48	0	0	0	0	0	0	0	5	0	116
prove	18	11	0	0	1	0	0	32	23	0	0	0	2	1	0	0	14	9	4	0	115
provoke	50	8	0	0	6	0	0	1	0	0	0	0	7	1	0	0	0	0	11	0	84
pull	43	3	32	3	1	1	10	22	0	0	0	0	0	0	0	0	0	0	5	0	120
push	41	14	20	9	0	1	8	15	0	0	0	0	0	0	0	0	0	0	2	0	110
puzzle	15	3	0	0	75	0	0	8	0	0	2	0	0	0	0	0	0	1	12	0	116
quote	40	43	0	0	0	0	0	5	0	0	8	0	2	0	0	0	0	2	13	0	113
race	13	0	0	0	0	0	18	77	0	0	0	0	0	0	0	0	3	0	4	0	115
read	67	4	0	1	0	0	0	28	2	0	2	0	0	0	0	0	0	0	1	0	105
realize	11	10	0	0	0	0	0	0	78	0	1	0	0	1	0	0	0	4	0	0	105
recall	62	4	0	0	0	0	0	0	13	0	9	0	0	2	0	0	0	18	2	0	110
recognize	53	28	0	0	2	0	0	0	13	0	0	0	6	17	0	0	0	3	3	0	125
reflect	58	23	0	0	16	0	0	11	1	0	2	0	0	0	0	0	0	1	8	0	120
refuse	8	3	0	0	0	0	0	13	0	0	0	0	0	0	0	0	81	0	0	0	105
regret	25	2	0	0	0	0	0	0	14	0	0	0	0	0	0	0	4	10	31	0	86
relax	16	3	0	0	34	0	0	53	0	0	0	0	0	0	0	0	0	0	34	0	140
remember	51	7	0	0	0	0	0	7	27	0	2	0	1	2	0	0	2	8	3	0	110
report	19	17	0	0	11	0	0	10	27	0	4	0	0	6	0	0	0	8	13	0	115
require	51	18	0	0	5	0	0	0	4	0	0	0	10	12	0	0	0	1	13	0	114
rest	11	1	0	0	7	0	0	156	0	0	0	0	0	0	0	0	0	0	25	0	200
reveal	64	9	0	0	8	0	0	1	22	0	0	0	0	1	0	0	0	5	0	0	110
review	76	29	0	0	0	0	0	1	0	0	0	0	0	0	0	0	0	0	4	0	110
revolt	1	0	0	0	2	0	0	24	0	0	0	0	0	0	0	0	1	0	1	0	29
rip	19	4	27	5	2	2	7	22	0	0	0	0	0	0	0	0	0	0	17	0	105
rise	0	0	0	0	0	0	5	80	0	0	0	0	0	0	0	0	0	0	24	0	109
roll	17	3	11	2	4	4	22	45	0	0	0	0	0	0	0	0	0	0	21	0	129
rotate	9	15	1	0	0	0	0	79	0	0	0	0	0	0	0	0	0	0	32	0	136
rule	38	22	1	1	11	0	0	24	9	0	0	0	0	3	0	0	0	0	26	0	135
rush	4	8	0	0	1	0	31	51	0	0	0	0	0	0	0	0	10	1	14	0	120
sadden	9	5	0	0	8	0	0	0	0	0	0	0	0	0	0	0	0	0	3	0	25
sail	8	2	0	0	0	0	17	79	0	0	0	0	0	0	0	0	0	0	1	3	110
save	115	36	1	0	10	0	0	19	0	0	0	0	6	1	1	0	0	0	6	5	200
say	3	0	0	0	0	0	0	0	12	0	85	0	0	2	0	0	0	7	1	0	110
see	69	11	0	0	0	0	0	7	10	0	0	0	13	0	0	0	0	3	2	0	115
seem	12	0	0	0	0	0	0	21	5	0	0	0	0	0	0	0	46	21	0	0	105
sense	60	7	0	0	0	0	0	2	33	0	0	0	1	0	0	0	0	2	10	0	115
shatter	25	28	0	0	8	0	0	17	0	0	0	0	0	0	0	0	0	0	29	0	107
shrink	4	2	0	0	4	0	7	65	0	0	0	0	0	0	0	0	0	0	21	0	103
shut	31	2	20	5	41	8	10	11	0	0	0	0	0	0	0	0	0	0	2	0	130
sicken	1	6	0	0	0	0	0	11	0	0	0	0	0	0	0	0	0	0	0	0	18
signal	17	1	0	0	0	0	0	3	1	0	0	0	7	0	0	0	0	0	9	0	38
sing	29	5	2	0	0	0	1	63	0	0	6	0	0	0	0	0	0	0	9	0	115
sink	14	7	0	0	6	0	13	65	0	0	0	0	0	0	0	0	0	0	10	0	115
sit	0	0	1	0	0	0	28	74	0	0	0	0	0	0	0	0	0	0	2	0	105
sketch	24	13	4	2	4	0	1	17	0	0	0	0	0	0	0	0	0	0	4	0	69
slide	16	0	3	0	0	0	10	77	0	0	0	0	0	0	0	0	0	0	19	0	125
smash	47	14	4	0	8	4	1	26	0	0	0	0	0	0	0	0	0	0	26	0	130
snap	39	4	18	6	0	0	4	52	0	0	57	0	0	0	0	0	0	0	13	0	193
soften	20	17	2	0	6	0	1	30	0	0	0	0	0	0	0	0	0	0	14	0	90
spill	19	4	4	2	0	0	17	22	0	0	0	0	0	0	0	0	0	0	19	0	87
splinter	4	0	0	0	3	0	0	5	0	0	0	0	0	0	0	0	0	0	17	0	29
split	34	24	7	4	8	2	11	47	0	0	0	0	0	0	0	0	0	0	63	0	200
stand	1	0	4	0	1	0	15	89	0	0	0	0	0	0	0	0	0	0	5	0	115
start	21	8	1	0	0	0	7	27	0	0	0	0	2	0	0	0	22	21	5	0	114
stay	2	0	0	0	0	0	13	94	0	0	0	0	0	0	0	0	0	0	1	0	110
stop	34	10	1	0	2	0	3	116	0	0	0	0	0	0	0	0	0	31	3	0	200
store	29	107	3	5	10	0	2	6	0	0	0	0	0	0	0	0	0	0	38	0	200
strike	108	30	6	4	20	0	10	20	0	0	0	0	0	0	0	0	0	0	2	0	200
struggle	1	1	1	0	0	0	14	160	0	0	0	0	0	0	0	0	0	0	18	5	200
study	145	21	0	0	7	0	0	23	0	0	0	0	0	0	0	0	0	0	4	0	200
suggest	27	6	0	0	3	0	0	0	51	0	7	0	0	2	0	0	1	8	3	0	108
surrender	22	7	0	0	0	0	0	52	0	0	0	0	0	0	0	0	0	0	2	0	83
suspect	28	8	0	0	12	0	0	1	46	0	0	0	0	4	0	0	0	6	37	0	142
sway	15	8	0	0	2	0	0	86	0	0	0	0	0	0	0	0	0	0	16	0	127
swear	19	4	5	16	1	0	0	31	32	0	3	0	0	0	0	0	15	1	7	0	134
sweep	35	9	2	3	3	0	8	46	0	0	0	0	0	0	0	0	0	0	19	0	125
swing	41	1	0	0	0	0	5	59	0	0	0	0	0	0	0	0	0	0	14	0	120
talk	3	0	3	0	0	0	0	99	0	0	0	0	0	0	0	0	0	0	5	0	110
teach	37	19	0	0	0	0	0	12	4	0	0	0	22	14	0	0	0	0	2	0	110
tear	25	10	29	10	15	8	2	16	0	0	0	0	1	0	0	0	0	0	29	0	145
tell	28	4	0	0	0	0	0	4	0	0	0	0	62	7	0	0	0	2	1	1	109
tempt	7	14	0	0	0	0	0	0	0	0	0	0	7	73	0	0	0	0	0	0	101
terrify	19	4	0	0	44	0	0	0	0	0	0	0	0	0	0	0	0	0	23	0	90
think	2	1	0	0	0	0	1	31	50	0	12	0	2	3	0	0	0	2	10	0	114
thrill	7	5	0	0	21	0	0	4	0	0	0	0	0	2	0	0	0	0	0	1	40
tire	1	2	1	0	121	0	0	19	0	0	0	0	1	0	0	0	0	1	54	0	200
try	5	2	2	0	0	0	0	4	0	0	0	0	0	0	0	0	87	3	2	0	105
type	29	73	0	4	0	0	0	4	0	0	0	0	0	0	0	0	0	0	20	0	130
understand	65	24	0	0	0	0	0	10	12	0	0	0	1	3	0	0	0	0	5	0	120
unload	41	22	0	0	7	0	0	4	0	0	0	0	0	0	0	0	0	0	19	0	93
urge	36	5	5	2	0	0	0	1	11	0	18	0	102	10	0	0	0	0	10	0	200
vacuum	2	0	0	0	0	0	0	0	0	0	0	0	0	0	0	0	0	0	1	0	3
visit	87	2	0	0	0	0	0	9	0	0	0	0	3	0	0	0	0	0	15	0	116
wait	1	0	2	1	0	0	1	103	0	0	0	0	0	0	0	0	12	0	8	0	128
want	36	0	1	0	0	0	4	2	0	0	0	0	19	0	0	0	64	0	0	0	126
warn	17	16	2	1	0	0	0	3	14	0	20	0	29	1	0	0	0	2	10	0	115
wash	33	20	10	11	6	1	5	20	0	0	0	0	0	0	0	0	0	0	16	0	122
watch	50	4	0	1	0	0	0	29	0	0	0	0	29	0	0	0	0	0	3	0	116
weary	5	3	0	0	0	0	0	6	0	0	0	0	0	0	0	0	0	0	8	0	22
worry	9	1	0	0	47	0	0	35	4	0	2	0	0	7	0	0	0	0	6	0	111
worship	9	0	0	0	0	0	0	6	0	0	0	0	0	0	0	0	0	0	0	0	15
write	33	15	2	0	10	0	0	29	6	0	10	0	0	0	0	0	0	0	26	0	131
yell	4	0	0	0	0	0	0	29	1	0	70	0	0	0	0	0	0	1	0	0	105
